NODE OPER ATTEMPT SUCCESS CACHEHIT NOT_FOUND NO_RSC MISMATCH DUPLICATED NO_DATA TIMEOUT ETC_ERROR RES_TIME C_RATIO HIT_RATIO
DBC3 ADD 6605 6605 0 0 0 0 0 0 0 0 0.00 100.00 0.00
### DEL 6550 6550 0 0 0 0 0 0 0 0 0.00 100.00 0.00
### SET 563317 563318 0 0 0 0 0 0 0 0 0.00 100.00 0.00
### CHKOUT 570326 563580 563697 6629 0 0 116 0 0 0 0.00 98.82 98.84
### SETSID 571 569 569 2 0 0 0 0 0 0 0.00 99.65 99.65
DBC4 ADD 6670 6670 0 0 0 0 0 0 0 0 0.00 100.00 0.00
### DEL 6700 6700 0 0 0 0 0 0 0 0 0.00 100.00 0.00
### SET 560624 560625 0 0 0 0 0 0 0 0 0.00 100.00 0.00
### CHKOUT 567788 560973 561110 6678 0 0 137 0 0 0 0.00 98.80 98.82
### SETSID 581 581 581 0 0 0 0 0 0 0 0.00 100.00 100.00
DBC5 ADD 6410 6410 0 0 0 0 0 0 0 0 0.00 100.00 0.00
### DEL 6284 6284 0 0 0 0 0 0 0 0 0.00 100.00 0.00
### SET 558536 558536 0 0 0 0 0 0 0 0 0.00 100.00 0.00
### CHKOUT 565246 558703 558817 6429 0 0 114 0 0 0 0.00 98.84 98.86
### SETSID 548 548 548 0 0 0 0 0 0 0 0.00 100.00 100.00